[gd_scene load_steps=13 format=3 uid="uid://7fs5mamncaw4"]

[ext_resource type="Script" path="res://Levels/level.gd" id="1_edgfg"]
[ext_resource type="Script" path="res://Navigation/amap.gd" id="3_p51x8"]
[ext_resource type="PackedScene" uid="uid://c788oejs7hdky" path="res://Entity/Enemies/Unit.tscn" id="4_pxhci"]
[ext_resource type="PackedScene" uid="uid://ydaqabm8k6l6" path="res://Player/Player.tscn" id="5_w0ia4"]
[ext_resource type="Script" path="res://Navigation/Cover_points.gd" id="6_qywd3"]

[sub_resource type="ProceduralSkyMaterial" id="ProceduralSkyMaterial_ucv54"]

[sub_resource type="Sky" id="Sky_gqg8t"]
sky_material = SubResource("ProceduralSkyMaterial_ucv54")

[sub_resource type="Environment" id="Environment_pb7lc"]
background_mode = 2
sky = SubResource("Sky_gqg8t")

[sub_resource type="BoxShape3D" id="BoxShape3D_2mwci"]
size = Vector3(19.514, 0.371, 17.492)

[sub_resource type="BoxMesh" id="BoxMesh_65o1u"]
size = Vector3(19.514, 0.371, 17.492)

[sub_resource type="BoxShape3D" id="BoxShape3D_v7m3x"]
size = Vector3(1.665, 1.82, 0.79)

[sub_resource type="BoxMesh" id="BoxMesh_f62if"]
size = Vector3(1.665, 1.82, 0.79)

[node name="Main" type="Node3D"]
script = ExtResource("1_edgfg")

[node name="WorldEnvironment" type="WorldEnvironment" parent="."]
environment = SubResource("Environment_pb7lc")

[node name="DirectionalLight3D" type="DirectionalLight3D" parent="."]
transform = Transform3D(0.881039, 0.266408, -0.390892, 0, 0.826334, 0.56318, 0.473043, -0.496184, 0.728033, 0, 0, 0)

[node name="Environment" type="Node3D" parent="."]

[node name="StaticBody3D" type="StaticBody3D" parent="Environment"]
collision_mask = 0

[node name="CollisionShape3D" type="CollisionShape3D" parent="Environment/StaticBody3D"]
shape = SubResource("BoxShape3D_2mwci")

[node name="MeshInstance3D" type="MeshInstance3D" parent="Environment/StaticBody3D"]
mesh = SubResource("BoxMesh_65o1u")

[node name="StaticBody3D2" type="StaticBody3D" parent="Environment"]
transform = Transform3D(0.950922, 0, 0.309432, 0, 1, 0, -0.309432, 0, 0.950922, 0, 1.10797, -6.68109)
collision_layer = 32
collision_mask = 0

[node name="CollisionShape3D" type="CollisionShape3D" parent="Environment/StaticBody3D2"]
shape = SubResource("BoxShape3D_v7m3x")

[node name="MeshInstance3D" type="MeshInstance3D" parent="Environment/StaticBody3D2"]
mesh = SubResource("BoxMesh_f62if")

[node name="StaticBody3D3" type="StaticBody3D" parent="Environment"]
transform = Transform3D(0.951283, 0, 0.30832, 0, 1, 0, -0.30832, 0, 0.951283, 0, 1.03366, 5.20643)
collision_layer = 32
collision_mask = 0

[node name="CollisionShape3D" type="CollisionShape3D" parent="Environment/StaticBody3D3"]
shape = SubResource("BoxShape3D_v7m3x")

[node name="MeshInstance3D" type="MeshInstance3D" parent="Environment/StaticBody3D3"]
mesh = SubResource("BoxMesh_f62if")

[node name="StaticBody3D5" type="StaticBody3D" parent="Environment"]
transform = Transform3D(-0.586358, 0, 0.810052, 0, 1, 0, -0.810052, 0, -0.586358, 6.07938, 1.03366, 0.680232)
collision_layer = 32
collision_mask = 0

[node name="CollisionShape3D" type="CollisionShape3D" parent="Environment/StaticBody3D5"]
shape = SubResource("BoxShape3D_v7m3x")

[node name="MeshInstance3D" type="MeshInstance3D" parent="Environment/StaticBody3D5"]
mesh = SubResource("BoxMesh_f62if")

[node name="StaticBody3D6" type="StaticBody3D" parent="Environment"]
transform = Transform3D(0.951283, 0, 0.30832, 0, 1, 0, -0.30832, 0, 0.951283, 1.86527, 1.03366, 0.664227)
collision_layer = 32
collision_mask = 0

[node name="CollisionShape3D" type="CollisionShape3D" parent="Environment/StaticBody3D6"]
shape = SubResource("BoxShape3D_v7m3x")

[node name="MeshInstance3D" type="MeshInstance3D" parent="Environment/StaticBody3D6"]
mesh = SubResource("BoxMesh_f62if")

[node name="StaticBody3D7" type="StaticBody3D" parent="Environment"]
transform = Transform3D(0.999952, 0, -0.0098086, 0, 1, 0, 0.0098086, 0, 0.999952, -2.36962, 1.03366, -2.54478)
collision_layer = 32
collision_mask = 0

[node name="CollisionShape3D" type="CollisionShape3D" parent="Environment/StaticBody3D7"]
shape = SubResource("BoxShape3D_v7m3x")

[node name="MeshInstance3D" type="MeshInstance3D" parent="Environment/StaticBody3D7"]
mesh = SubResource("BoxMesh_f62if")

[node name="StaticBody3D8" type="StaticBody3D" parent="Environment"]
transform = Transform3D(-0.949502, 0, 0.31376, 0, 1, 0, -0.31376, 0, -0.949502, -4.22533, 1.03366, 3.53407)
collision_layer = 32
collision_mask = 0

[node name="CollisionShape3D" type="CollisionShape3D" parent="Environment/StaticBody3D8"]
shape = SubResource("BoxShape3D_v7m3x")

[node name="MeshInstance3D" type="MeshInstance3D" parent="Environment/StaticBody3D8"]
mesh = SubResource("BoxMesh_f62if")

[node name="StaticBody3D9" type="StaticBody3D" parent="Environment"]
transform = Transform3D(0.951283, 0, 0.30832, 0, 1, 0, -0.30832, 0, 0.951283, 0, 1.03366, 5.20643)
collision_layer = 32
collision_mask = 0

[node name="CollisionShape3D" type="CollisionShape3D" parent="Environment/StaticBody3D9"]
shape = SubResource("BoxShape3D_v7m3x")

[node name="MeshInstance3D" type="MeshInstance3D" parent="Environment/StaticBody3D9"]
mesh = SubResource("BoxMesh_f62if")

[node name="StaticBody3D10" type="StaticBody3D" parent="Environment"]
transform = Transform3D(0.776046, 0, -0.630676, 0, 1, 0, 0.630676, 0, 0.776046, 4.89333, 1.03366, -5.48023)
collision_layer = 32
collision_mask = 0

[node name="CollisionShape3D" type="CollisionShape3D" parent="Environment/StaticBody3D10"]
shape = SubResource("BoxShape3D_v7m3x")

[node name="MeshInstance3D" type="MeshInstance3D" parent="Environment/StaticBody3D10"]
mesh = SubResource("BoxMesh_f62if")

[node name="Entities" type="Node3D" parent="."]
transform = Transform3D(1, 0, 0, 0, 1, 0, 0, 0, 1, 1.68221, 1.42238, 0)
script = ExtResource("3_p51x8")

[node name="Unit" parent="Entities" instance=ExtResource("4_pxhci")]
transform = Transform3D(0.845942, 0, -0.533275, 0, 1, 0, 0.533275, 0, 0.845942, 6.2253, -0.708887, 6.87563)

[node name="PlayerBody" parent="Entities" instance=ExtResource("5_w0ia4")]
transform = Transform3D(1, 0, 0, 0, 1, 0, 0, 0, 1, -5.05757, -0.206818, 0.229892)

[node name="Cover_points" type="Node" parent="."]
script = ExtResource("6_qywd3")
